1000
91 737
440 594
560 562
304 674
47 709
159 210
889 990
523 914
129 421
94 231
283 833
336 577
265 641
100 355
637 647
402 839
22 912
498 633
419 466
163 704
306 743
600 834
136 924
393 894
178 398
520 904
71 513
188 635
554 555
44 456
419 893
492 760
637 803
84 883
510 831
584 930
148 167
15 398
368 908
686 911
435 959
538 788
740 932
143 661
625 977
368 842
379 756
203 679
745 868
78 590
9 684
140 765
610 717
462 691
351 448
154 386
219 931
771 842
353 477
192 861
111 300
132 793
326 771
740 771
2 528
216 675
113 119
854 968
38 435
33 552
31 320
59 571
194 504
349 771
111 512
198 508
138 911
65 262
61 728
87 114
471 684
576 845
356 411
397 738
31 444
221 338
848 913
240 360
769 853
60 141
132 162
601 928
691 856
597 714
263 950
139 206
457 608
15 830
264 812
797 808
142 347
560 961
435 957
123 406
572 844
637 944
869 994
208 323
106 284
245 954
419 810
168 825
41 788
62 264
446 956
410 694
52 566
143 868
548 812
247 912
853 958
361 413
235 507
268 309
528 827
435 856
514 758
29 883
167 871
171 286
206 737
92 232
381 432
499 516
656 841
134 293
422 825
550 581
906 975
16 917
68 156
263 490
169 174
525 827
274 693
451 739
643 747
46 889
280 903
522 616
510 606
240 976
531 967
40 382
708 718
848 931
469 966
19 820
498 779
751 762
28 881
904 966
684 790
327 878
760 938
13 607
21 510
40 257
178 265
232 813
54 858
319 371
206 384
198 243
478 793
793 949
269 866
102 235
551 988
288 794
99 181
30 158
140 220
753 762
378 605
86 709
229 745
335 745
247 648
80 917
209 497
79 339
217 303
516 621
182 965
740 999
112 209
85 661
4 590
166 977
197 915
310 918
103 479
92 496
182 286
119 586
561 665
263 305
33 778
245 542
84 609
239 337
641 921
165 721
67 378
103 388
310 821
90 532
72 726
107 336
57 521
187 913
390 705
78 105
744 791
381 773
129 927
298 392
667 733
376 885
288 681
77 614
330 684
646 857
428 631
184 607
191 566
137 813
159 673
460 785
93 475
434 472
466 795
74 720
783 800
33 735
140 312
819 894
32 894
122 643
283 698
198 768
189 629
174 322
417 701
182 286
479 874
21 32
340 834
68 541
417 883
239 350
776 812
28 558
311 564
630 765
159 530
342 393
840 937
311 715
44 920
209 547
765 986
777 798
434 788
340 367
70 604
155 892
594 811
331 496
89 441
335 411
714 960
514 999
744 923
69 710
228 948
525 831
752 801
404 723
414 713
247 580
678 978
453 860
233 755
215 871
582 597
559 874
376 781
61 442
593 657
39 160
230 841
263 472
767 878
366 480
786 884
135 501
364 942
103 845
82 885
231 767
254 576
103 682
41 958
103 747
43 595
105 401
539 943
517 650
275 530
401 831
178 291
236 733
49 436
80 190
335 437
48 202
727 749
943 972
232 887
37 667
255 541
197 428
467 555
40 983
280 887
242 871
83 726
172 340
201 744
86 484
52 616
279 578
117 373
22 316
24 415
459 819
13 943
45 381
109 529
106 677
577 737
784 924
558 894
9 950
268 537
202 954
588 978
715 927
375 809
340 875
482 877
244 610
245 676
607 718
468 961
3 742
469 567
876 887
553 950
113 514
667 768
601 629
78 520
232 708
38 469
59 80
19 721
341 413
123 158
577 623
766 964
709 755
102 628
125 658
602 688
203 322
17 725
239 377
215 262
227 279
255 639
692 865
155 274
402 862
682 827
824 835
144 342
181 693
32 417
137 208
553 716
246 648
366 480
334 974
748 875
103 530
16 248
95 634
557 742
157 372
340 624
309 321
271 624
328 833
699 896
677 821
181 762
3 199
458 698
193 666
330 728
214 268
377 791
601 708
85 718
441 968
304 501
537 765
14 295
630 672
288 977
503 735
826 995
672 929
345 505
139 468
366 726
34 586
436 645
734 761
279 792
421 860
21 756
638 748
160 268
362 983
260 992
347 752
630 752
858 986
13 733
14 727
832 929
101 678
204 641
275 491
83 429
333 487
190 728
354 365
16 742
128 271
306 370
54 742
352 727
726 940
80 500
566 628
239 811
87 729
16 248
300 914
353 603
348 387
511 645
13 205
545 799
537 780
546 740
445 526
36 320
269 353
104 569
140 237
216 678
941 945
305 536
23 419
629 674
99 360
327 474
220 919
244 533
141 960
554 836
506 519
317 378
571 821
424 580
876 877
348 591
867 956
27 640
530 551
835 871
166 644
106 837
711 990
226 248
432 595
489 959
490 543
819 858
709 830
155 518
387 849
2 86
52 693
159 298
276 577
633 642
737 866
763 981
171 856
535 696
18 439
516 789
126 615
393 682
232 498
377 400
65 369
167 650
66 792
810 928
349 905
504 803
87 147
692 934
105 331
232 816
108 285
240 839
21 638
206 767
138 289
693 976
318 417
406 850
90 378
325 852
173 630
496 537
244 973
181 183
446 615
107 127
263 449
179 511
392 840
3 892
148 878
226 393
87 119
85 973
31 184
504 566
8 876
63 829
817 868
324 752
169 630
191 586
561 567
403 641
202 889
403 571
211 250
46 842
470 883
206 829
682 831
242 727
463 711
131 199
194 654
311 788
29 580
257 732
166 701
425 435
516 898
506 624
378 901
178 996
186 513
625 939
291 905
693 768
678 979
401 722
108 309
174 616
568 575
43 391
175 868
517 638
461 881
511 770
435 724
582 899
97 117
288 480
140 241
421 675
55 161
254 963
397 596
242 951
263 436
371 745
850 902
438 920
578 927
167 405
336 566
152 220
602 960
148 328
705 845
701 761
275 553
103 995
556 841
1 632
666 872
285 661
882 993
456 643
623 996
147 485
368 518
717 914
272 927
91 859
8 807
525 884
106 220
255 429
494 495
224 965
225 272
22 467
2 589
272 351
56 121
376 474
413 557
470 835
416 889
568 818
181 250
500 927
864 898
219 521
281 644
213 862
493 495
238 733
202 402
220 648
89 137
758 920
402 467
29 140
54 484
288 902
501 986
273 885
125 218
55 761
671 718
74 843
404 875
588 984
257 819
303 879
300 925
83 870
262 723
672 906
325 328
332 702
3 829
20 53
480 487
270 432
45 731
78 851
560 599
25 959
551 722
180 508
372 615
541 711
833 865
265 436
301 616
120 548
568 627
472 817
51 279
683 743
26 818
295 691
938 969
423 824
385 542
650 663
735 988
52 200
193 928
333 855
137 261
567 963
156 372
69 461
680 954
238 513
168 656
141 458
276 330
864 996
24 277
547 895
304 841
195 948
449 874
40 163
313 755
431 668
180 373
558 691
141 723
481 733
229 256
90 688
866 938
515 641
24 946
320 916
90 598
172 852
203 787
287 594
28 717
335 719
202 321
406 481
680 992
222 454
220 955
61 753
557 933
471 492
88 219
103 494
390 393
434 932
616 961
484 671
313 564
519 664
301 890
596 692
93 727
668 740
890 913
145 786
496 932
149 379
49 645
788 992
279 968
551 914
287 605
27 990
228 930
201 873
300 692
45 210
276 968
69 613
871 929
378 490
838 970
213 510
46 379
671 972
210 524
70 864
34 134
408 735
371 608
75 501
8 430
116 146
231 432
338 570
415 613
465 866
329 917
66 451
375 957
200 367
309 985
24 195
642 932
187 753
768 951
203 840
98 624
74 239
225 586
531 748
167 493
380 985
432 684
109 617
1 120
395 612
169 826
21 107
465 728
63 920
207 653
650 688
759 769
421 520
97 133
336 605
237 777
740 867
34 178
185 850
435 984
195 495
119 533
482 918
727 752
45 798
1 965
805 814
237 823
574 792
721 942
40 649
479 868
650 805
321 435
115 177
86 432
552 934
732 899
127 146
165 974
412 919
134 322
445 453
410 871
58 739
508 513
1 193
738 878
178 939
307 429
291 792
293 571
403 483
304 433
413 694
519 994
157 966
67 189
596 773
555 797
398 491
288 665
770 968
258 942
187 387
53 525
106 459
452 758
462 714
306 892
276 725
443 947
172 627
322 932
227 285
362 941
410 916
331 651
517 961
36 536
602 836
381 782
689 903
672 850
29 188
186 536
505 948
7 286
613 650
242 363
68 909
206 683
242 346
417 827
335 911
208 741
822 870
502 664
175 917
255 317
300 602
805 845
304 727
99 133
246 330
913 969
9 213
840 842
839 997
221 577
50 805
192 694
572 787
27 717
809 938
295 961
598 649
433 759
108 971
305 600
362 821
134 904
162 793
115 234
382 572
250 287
232 705
181 662
173 866
772 787
423 488
695 906
180 960
252 495
496 941
422 945
24 510
589 637
418 897
526 647
356 397
269 404
53 249
832 875
451 917
179 939
398 434
699 812
855 868
573 742
575 609
546 613
138 974
212 230
245 608
8 736
73 232
48 766
339 485
400 876
488 871
119 361
63 67
545 660
212 232
255 724
652 765
912 992
360 489
286 728
423 854
241 659
