100
43 89
11 47
17 89
15 100
4 97
2 78
82 93
16 96
9 54
36 66
60 82
17 40
37 40
5 40
18 73
8 16
93 97
8 30
25 71
35 95
7 72
49 60
36 69
47 100
67 71
77 77
15 23
38 79
0 60
25 54
72 93
83 96
71 80
51 52
14 85
24 41
73 84
15 77
23 49
73 90
14 66
32 37
63 94
27 35
76 96
27 100
41 73
54 95
24 62
91 92
0 14
18 92
39 61
22 30
33 49
62 75
2 39
5 59
39 79
68 79
32 65
43 57
66 82
85 94
15 22
71 71
7 35
59 61
1 27
36 71
34 35
22 49
41 93
10 61
5 32
26 78
68 93
52 87
13 69
23 41
0 17
26 27
19 97
63 82
16 65
8 45
22 48
16 56
45 83
66 93
44 46
33 85
33 94
15 73
12 52
5 21
46 49
25 27
59 98
37 73
