920
652 888
309 694
459 851
181 542
621 641
198 893
213 810
77 859
325 905
308 893
262 397
439 637
431 751
73 184
36 223
512 632
111 613
294 355
232 611
724 812
592 626
480 562
721 795
656 810
211 380
257 722
766 800
619 837
380 727
273 632
63 261
28 807
771 873
442 799
772 798
369 391
271 459
91 677
742 834
317 624
874 886
40 617
121 619
105 356
162 838
439 884
358 880
275 498
296 508
368 560
17 22
162 493
456 743
46 656
380 753
242 748
412 884
25 516
70 515
327 900
201 288
606 773
393 473
82 916
3 361
320 387
398 603
380 445
134 564
69 518
229 456
684 904
22 208
19 616
294 523
420 754
670 849
789 795
150 668
263 353
604 832
162 691
339 380
406 841
124 751
333 354
20 673
452 555
103 451
95 481
394 632
606 641
228 599
489 768
195 844
50 120
244 533
626 747
67 168
161 761
619 730
446 808
383 887
55 304
197 765
99 277
111 391
460 651
366 412
409 513
688 890
32 733
268 729
65 888
202 556
535 811
363 588
554 640
409 802
96 671
442 592
4 111
61 832
628 840
108 677
320 362
117 400
32 862
50 165
326 534
560 819
464 541
558 656
170 350
488 520
193 342
316 681
662 697
238 372
141 472
712 851
177 821
174 724
425 652
21 734
436 444
383 613
322 810
47 62
521 550
283 318
713 791
749 883
431 651
112 235
308 585
268 766
121 235
132 795
718 877
103 870
392 731
92 650
288 360
406 520
376 512
411 694
732 873
698 905
359 769
34 322
39 134
117 174
34 830
127 415
29 637
745 781
232 259
199 282
609 835
534 751
728 875
485 809
376 832
92 371
160 808
196 338
65 521
21 265
293 318
655 729
87 368
506 705
128 871
545 797
43 43
80 881
400 785
361 435
363 813
25 882
533 857
97 463
194 255
141 163
155 244
442 601
720 828
222 577
104 363
593 799
255 659
101 799
246 379
157 673
131 784
156 916
773 847
176 836
201 487
459 516
385 541
203 739
34 625
458 595
118 168
425 603
28 786
116 664
211 369
674 842
32 72
172 626
152 768
375 465
171 723
351 413
73 450
555 603
261 497
662 703
52 572
273 330
187 745
185 474
304 605
132 272
604 720
728 891
493 504
590 752
44 617
94 604
213 624
743 750
647 729
35 827
113 470
618 689
276 823
330 850
480 733
580 824
208 520
22 457
40 861
132 844
779 836
203 528
319 790
588 872
143 299
21 124
683 767
155 898
423 514
494 900
753 758
60 917
130 659
455 633
385 652
614 667
107 805
775 804
132 247
205 797
29 208
65 820
481 597
152 834
552 629
762 836
520 637
547 766
89 861
760 773
289 295
890 901
247 831
366 584
525 671
364 666
287 621
253 263
718 785
121 423
719 821
380 659
671 891
775 914
542 610
187 249
447 805
97 427
396 798
114 665
385 602
37 65
150 749
196 260
15 298
474 842
668 885
668 868
813 841
110 125
298 456
229 321
366 421
456 522
85 645
52 515
724 783
286 763
188 385
394 739
42 746
523 747
118 615
466 906
323 492
595 910
391 740
121 398
520 554
336 408
490 820
384 412
571 774
45 803
275 514
32 372
464 713
729 750
801 911
161 466
264 735
515 797
358 537
29 611
610 796
524 838
392 471
97 656
332 650
727 763
296 691
96 787
55 858
51 404
159 542
231 237
713 886
464 843
34 276
213 271
41 774
812 835
570 785
58 828
258 785
82 334
572 854
63 343
272 427
209 761
27 258
234 751
281 576
257 558
29 172
609 692
580 642
22 252
687 861
578 843
515 611
363 663
402 861
242 365
518 586
821 907
523 740
87 263
254 826
50 881
171 645
116 177
587 658
370 806
586 910
151 762
277 751
363 550
171 602
59 422
618 872
257 348
397 746
76 741
348 711
600 919
727 912
128 586
287 650
175 400
172 178
300 870
729 902
512 578
90 243
219 463
249 873
342 814
26 214
603 695
224 349
365 900
81 169
101 853
421 456
171 599
617 684
318 752
180 644
569 664
308 484
358 745
654 882
3 297
5 626
145 325
405 916
28 734
515 809
153 203
336 807
38 914
222 403
497 867
129 914
1 258
691 822
275 629
284 674
219 236
3 711
579 624
33 545
181 183
825 840
233 375
236 836
324 639
456 899
467 653
6 807
641 699
251 474
239 777
15 97
226 777
294 765
290 348
655 912
160 904
369 662
271 572
269 483
26 470
447 492
255 298
85 576
290 782
84 849
183 647
232 763
50 348
138 199
232 696
146 729
35 116
298 670
575 624
568 900
247 874
804 862
503 525
405 905
199 373
408 550
447 578
691 699
727 822
257 433
164 874
311 571
242 698
900 908
32 61
649 764
308 664
676 859
157 237
734 796
178 559
61 343
8 578
84 688
90 118
546 808
249 653
55 108
23 668
579 913
170 707
185 311
154 409
63 463
376 763
497 652
340 665
72 834
337 553
401 613
703 808
111 671
19 447
56 543
25 890
398 436
25 206
115 299
444 817
519 598
387 607
253 713
811 816
15 433
323 883
126 872
357 739
103 737
128 824
245 521
585 782
144 347
13 661
146 786
467 598
289 907
480 480
516 849
240 907
161 881
447 830
352 409
861 883
395 707
197 804
239 252
5 784
758 853
75 142
132 494
220 335
635 832
633 671
91 515
533 535
453 735
205 629
501 890
234 816
87 632
685 819
217 687
756 841
304 639
17 572
118 162
86 525
37 607
421 753
493 533
13 210
778 920
782 797
124 513
348 439
258 268
181 506
404 526
207 841
131 554
395 515
730 830
418 673
662 810
227 678
399 692
23 893
243 667
594 920
283 562
483 652
55 705
45 606
615 620
335 760
810 918
101 628
352 587
526 894
860 896
12 578
147 752
300 787
615 796
108 829
700 869
148 783
224 619
644 775
300 628
127 914
661 866
639 746
253 772
336 872
833 913
56 354
434 462
476 548
1 631
367 415
141 664
58 228
514 718
325 561
350 462
147 438
504 639
36 134
214 355
314 623
356 788
119 799
225 916
796 812
143 184
157 506
502 680
360 579
118 773
205 508
118 179
641 679
394 860
30 281
191 736
309 536
14 475
47 434
117 120
84 453
27 805
397 827
854 886
278 406
219 285
171 460
156 711
539 599
366 530
869 909
674 681
367 419
141 306
247 707
61 288
361 901
51 343
11 660
12 170
32 242
117 269
695 734
559 808
398 495
232 594
115 435
653 895
245 810
432 446
616 696
846 892
712 772
29 450
240 904
270 727
178 527
500 888
241 737
88 676
499 709
113 299
430 501
593 695
99 414
7 573
584 768
755 788
134 677
664 732
154 814
373 514
130 890
691 721
84 691
452 568
592 814
429 544
110 304
350 551
528 670
535 865
61 662
137 377
262 603
9 210
669 690
334 915
406 813
513 852
74 834
414 445
152 417
299 521
585 821
676 903
148 871
51 88
751 827
460 625
762 767
41 178
18 829
253 469
268 805
290 905
321 633
237 458
252 462
191 232
500 526
314 673
34 276
648 750
252 766
137 371
37 656
37 444
647 746
235 743
416 888
817 875
416 842
133 167
433 606
340 774
596 729
718 914
420 652
218 494
275 719
248 862
463 730
139 571
36 346
23 853
265 390
56 914
148 786
30 238
271 471
512 524
138 192
123 574
320 420
112 503
154 468
95 789
290 705
108 864
290 458
366 713
332 524
433 882
312 552
84 727
497 706
107 178
819 860
129 801
296 432
173 493
187 231
342 865
710 892
360 601
261 282
9 714
13 96
230 360
230 414
125 557
371 693
14 497
208 256
426 728
450 772
496 561
159 783
106 287
661 909
134 505
7 619
256 618
277 638
486 885
627 826
156 641
320 502
146 706
43 524
466 916
216 397
488 896
499 871
6 711
14 864
451 883
94 912
147 807
79 822
349 604
170 862
750 768
462 770
80 200
80 761
474 899
250 274
21 73
16 760
556 706
541 900
102 738
175 409
383 645
817 848
203 735
384 639
412 564
375 713
350 527
846 870
178 729
742 918
249 813
16 241
131 420
302 689
378 572
434 751
288 463
277 356
599 767
171 727
206 652
324 477
327 646
269 653
419 423
245 398
102 498
187 211
166 498
144 459
240 456
571 616
537 872
146 771
123 498
227 343
567 687
206 528
357 806
