256
6 191
202 213
25 115
31 69
15 44
12 44
153 224
50 160
52 116
203 203
66 193
199 199
78 194
24 141
12 86
34 39
37 180
49 253
24 216
42 73
62 155
20 66
74 124
173 243
81 212
178 215
17 40
25 185
50 83
12 187
135 240
57 177
54 85
68 83
158 231
56 73
220 254
68 76
56 202
149 233
117 213
26 132
111 151
191 203
24 204
114 122
126 209
2 120
46 135
104 193
3 231
10 98
56 105
68 97
137 171
26 247
145 225
126 236
11 205
147 226
73 205
35 256
145 150
83 129
57 254
45 246
35 108
1 12
11 207
164 207
0 225
112 166
78 101
18 249
6 17
51 203
10 90
24 248
132 164
70 110
212 219
230 251
33 102
182 213
28 210
148 180
124 237
156 179
75 197
101 180
22 205
36 37
38 49
97 139
175 224
97 224
29 192
11 70
2 248
48 166
97 144
123 213
73 89
125 243
95 118
143 232
101 133
9 235
163 204
143 143
4 145
136 153
12 181
64 150
113 169
22 100
103 153
6 26
70 151
97 178
102 191
250 253
134 196
29 121
78 137
34 86
140 167
71 186
122 222
43 80
50 123
70 86
28 232
16 83
62 223
192 231
189 250
6 229
54 72
34 242
30 232
98 177
1 158
6 159
132 136
182 225
124 171
131 184
100 132
77 82
174 256
134 194
50 137
67 68
106 241
56 89
83 249
33 154
45 135
159 207
52 172
188 245
79 245
11 171
150 170
30 248
64 190
76 110
74 173
50 249
72 209
153 160
149 176
132 143
89 180
3 87
81 223
243 244
139 185
137 253
84 256
97 117
36 179
136 193
108 152
184 200
44 68
185 249
159 173
1 59
17 236
193 216
54 256
42 110
0 163
153 158
14 152
25 181
11 196
20 141
42 161
142 242
198 247
45 54
44 158
83 218
126 212
30 95
106 199
17 98
157 208
206 221
234 245
137 145
131 142
59 138
90 192
19 60
127 175
134 230
150 233
20 136
42 185
106 158
148 166
86 148
0 19
27 109
84 205
29 54
42 81
225 248
38 86
70 188
51 230
128 207
177 252
58 83
79 162
87 140
78 133
84 164
9 211
60 190
27 198
73 210
2 256
113 156
0 55
18 26
57 256
132 244
158 162
160 229
92 246
18 207
