110
100 108
5 104
16 48
10 46
85 86
4 106
16 78
23 38
41 68
0 13
58 104
65 82
50 105
63 71
3 30
1 107
41 95
49 68
96 104
18 41
50 72
95 103
28 93
62 107
16 61
55 95
25 77
72 101
28 98
74 107
34 45
22 72
6 105
43 77
33 82
59 100
11 64
15 94
21 79
40 51
7 33
63 95
35 76
1 92
4 5
1 104
53 106
21 103
78 81
23 37
89 107
11 41
78 84
10 39
16 47
2 45
18 45
23 85
15 79
3 21
34 59
0 22
99 106
9 83
11 48
26 40
36 75
91 91
0 75
35 62
5 68
5 10
69 88
7 96
58 91
3 9
55 73
95 100
14 101
13 61
16 69
39 103
40 90
19 88
33 84
25 108
2 32
84 85
28 42
15 30
10 80
1 43
83 106
13 23
4 94
62 103
18 40
9 96
15 41
11 106
3 77
40 66
8 92
48 49
54 60
70 107
13 88
34 103
41 65
84 87
