262
31 61
179 190
13 259
164 213
64 137
236 241
118 197
189 231
19 195
32 167
127 202
238 244
75 116
205 226
28 45
52 186
50 51
14 14
129 254
164 215
89 255
215 221
107 109
26 145
48 207
133 154
151 244
48 79
91 208
15 240
0 130
93 257
184 202
60 210
21 83
87 116
198 251
248 250
26 67
150 221
128 216
16 214
210 217
119 212
36 55
121 137
78 179
181 184
68 142
52 145
65 209
40 196
41 50
174 209
193 208
154 253
86 136
208 257
119 120
1 91
206 208
16 179
100 154
45 157
93 229
183 197
22 237
46 196
173 224
85 187
149 162
41 72
88 161
209 216
154 170
73 249
127 147
3 138
2 67
215 222
64 182
60 204
75 213
241 245
233 256
176 187
11 157
71 214
45 91
6 92
11 207
39 142
100 121
234 246
145 217
9 69
64 178
139 261
12 236
48 246
149 205
25 167
24 62
136 161
165 200
101 132
9 23
201 235
13 159
33 203
165 206
81 192
92 172
19 23
5 199
129 234
14 137
101 257
69 126
21 157
66 157
171 245
45 105
194 243
151 234
49 235
31 191
237 262
50 117
141 223
120 152
170 230
62 92
113 215
70 122
78 262
33 69
114 150
15 154
15 23
83 225
178 240
135 138
58 97
9 80
170 238
171 214
246 255
51 223
50 176
101 170
111 119
74 86
19 34
90 113
128 244
138 162
84 177
73 86
97 185
40 178
83 148
55 134
101 133
10 224
105 166
12 32
34 120
16 62
1 5
124 248
42 74
187 254
20 59
33 108
152 261
48 164
82 117
71 84
177 232
131 240
128 134
2 160
208 246
90 99
22 38
96 206
135 211
133 244
178 254
138 169
39 243
140 245
176 209
54 141
84 99
29 164
144 255
21 53
207 222
82 193
13 122
21 189
3 124
222 242
40 121
80 167
160 203
25 144
156 165
81 182
118 161
79 122
11 25
22 56
197 214
57 206
178 185
34 146
227 229
74 179
144 166
93 162
192 222
20 153
212 217
72 253
25 182
31 105
159 244
69 220
3 147
25 147
23 205
65 158
103 132
34 96
89 240
164 200
48 222
111 112
41 81
75 125
127 175
40 203
31 235
5 215
169 189
3 109
68 238
111 251
38 43
50 236
83 133
144 259
58 176
36 164
50 171
159 184
152 241
47 231
115 178
