491
3 364
157 212
431 442
102 347
233 234
8 297
110 331
453 481
111 173
51 318
98 162
89 304
290 471
261 334
89 217
85 419
307 357
384 400
81 145
61 150
254 278
78 198
12 111
40 294
146 488
35 314
56 255
47 242
95 102
213 252
246 382
63 181
57 345
76 95
116 315
148 427
144 444
402 465
216 239
226 436
0 294
6 19
106 171
145 465
311 403
73 432
385 489
133 314
17 171
373 455
66 445
226 449
10 23
309 351
76 87
458 487
133 476
55 302
229 327
191 246
74 410
30 410
18 340
362 378
11 135
44 74
36 333
238 387
422 426
40 228
204 468
284 461
386 434
230 374
184 360
13 150
84 243
67 210
396 428
42 143
121 149
127 238
24 202
37 151
54 415
58 460
188 188
195 421
4 128
112 148
168 320
98 426
299 389
353 449
287 315
93 429
176 448
15 231
367 468
164 341
208 392
338 358
421 445
291 311
413 431
78 355
6 414
13 29
37 481
212 217
123 360
140 145
188 218
311 314
127 382
113 442
239 254
358 422
96 409
70 131
66 192
310 423
120 456
335 340
273 310
119 120
293 337
69 417
298 478
307 420
352 448
35 61
365 416
74 225
52 417
32 260
90 292
175 340
130 266
256 325
390 412
13 447
410 438
253 446
302 352
147 256
188 446
111 189
296 330
263 412
203 394
4 138
176 339
209 348
130 342
72 434
68 458
234 458
20 241
335 466
238 478
119 482
117 445
139 408
172 321
327 422
321 477
335 465
355 367
35 206
196 411
26 198
107 138
172 272
85 250
120 369
139 203
206 369
420 469
50 217
27 191
47 191
322 333
298 323
177 329
263 308
64 287
274 463
113 200
68 389
433 490
92 430
36 282
24 173
158 405
124 290
274 452
21 259
69 78
157 469
20 471
106 136
130 429
35 423
63 73
163 242
4 143
50 215
146 313
40 442
60 221
279 336
103 449
152 462
77 454
179 319
48 231
219 278
113 418
238 370
281 473
372 451
100 472
120 275
63 444
44 311
0 448
8 389
151 296
339 407
150 300
32 469
103 220
37 39
9 102
290 358
81 436
188 242
12 35
86 354
131 269
207 279
24 373
187 326
37 283
14 163
270 282
107 311
81 364
31 409
146 193
11 461
269 288
271 372
231 412
208 284
423 433
44 377
167 175
8 453
360 460
281 395
416 476
480 484
106 302
172 414
32 151
158 351
192 197
218 323
282 487
2 215
393 465
11 309
265 385
135 414
52 157
104 128
107 320
356 402
19 69
53 118
245 444
9 200
401 453
217 301
173 305
150 411
46 342
147 270
13 390
188 448
380 420
130 228
283 349
281 395
0 230
298 300
136 155
7 348
16 129
45 268
296 475
34 248
12 50
177 478
42 128
88 374
119 224
305 343
432 432
343 466
138 191
294 330
116 375
54 270
151 467
125 193
80 269
54 67
158 431
236 277
208 412
129 469
422 434
314 475
343 449
99 291
96 453
343 419
24 218
24 102
118 194
24 196
194 426
93 214
42 79
34 442
27 404
224 335
99 337
46 108
241 262
195 454
109 163
253 471
269 427
166 206
77 117
46 367
66 236
378 400
356 432
345 399
101 266
15 461
199 342
120 292
55 220
375 410
20 172
311 430
135 486
132 487
252 274
129 146
15 220
169 486
94 218
141 466
266 482
173 262
341 345
66 259
32 457
53 277
125 436
142 214
282 432
97 456
245 411
323 350
82 161
178 238
30 165
66 404
307 355
197 224
81 162
12 434
231 485
248 276
24 464
120 468
99 452
15 39
112 132
74 315
20 298
90 296
76 391
109 491
54 356
105 284
0 450
114 363
429 487
5 270
117 195
147 487
120 367
275 340
161 292
284 424
256 481
31 405
331 332
77 483
340 428
150 289
261 463
34 120
65 268
105 375
266 318
37 359
20 121
338 387
262 421
149 334
222 364
189 246
261 398
66 226
240 332
26 119
28 88
20 149
49 422
14 449
219 457
205 281
50 298
167 310
259 410
104 247
270 367
55 381
122 227
86 311
75 380
140 310
144 298
318 384
62 284
158 169
36 367
10 192
22 202
53 91
34 72
52 311
348 356
65 72
31 130
180 449
75 410
284 478
297 475
108 387
103 159
366 462
320 457
361 486
195 448
22 86
2 185
86 301
97 254
201 330
79 344
219 321
209 318
292 313
95 406
425 484
76 237
344 448
423 464
27 101
25 348
