835
201 386
91 415
510 798
64 351
488 777
171 212
64 180
264 685
6 253
423 812
244 531
682 799
280 554
137 148
495 497
635 802
258 428
177 294
575 776
357 743
49 352
405 625
92 344
699 785
511 794
638 688
326 748
448 764
205 653
555 772
312 778
109 460
204 552
55 359
306 374
16 520
96 441
233 315
830 831
451 667
184 507
556 662
195 315
167 728
398 632
528 697
175 336
218 824
222 806
126 179
606 674
11 372
204 392
73 175
103 619
226 819
234 343
3 538
228 514
214 475
272 273
450 534
479 606
335 807
293 296
111 497
40 428
338 811
14 231
611 622
532 679
26 513
28 45
112 626
105 475
393 604
96 186
35 72
361 570
561 679
638 703
764 787
395 415
187 565
394 742
560 755
600 653
281 811
545 707
89 739
13 787
260 566
172 824
355 417
511 747
278 636
161 653
325 700
178 258
60 762
429 567
146 241
147 594
670 670
76 188
42 551
689 806
472 474
684 753
825 832
58 383
753 759
66 529
157 167
265 284
100 557
232 365
399 482
193 277
471 710
39 303
434 690
556 576
9 133
607 835
60 577
214 289
250 504
503 620
239 755
386 465
658 762
242 828
246 555
196 479
326 555
21 677
39 231
201 476
86 365
8 769
7 505
395 471
559 570
102 282
491 653
200 248
621 712
195 539
341 721
257 424
77 80
31 603
6 478
259 817
3 474
462 805
385 647
409 748
332 810
28 675
445 825
60 834
415 703
705 776
532 690
519 777
645 799
19 438
133 568
362 422
449 582
148 362
52 591
120 370
415 779
330 729
172 181
202 303
622 646
118 357
386 785
205 574
690 759
372 488
200 427
426 435
133 391
671 742
9 397
335 439
146 517
125 707
227 390
334 493
568 634
273 327
192 209
6 257
450 640
40 755
241 506
401 513
310 700
343 428
332 591
130 529
463 800
808 810
270 625
439 612
1 291
17 345
162 567
233 831
469 748
2 503
653 724
119 830
123 521
56 303
35 575
301 725
207 565
541 693
80 257
189 204
267 489
238 649
17 728
31 548
76 756
646 719
324 459
123 624
200 763
608 634
461 707
428 680
144 408
271 588
241 505
339 611
249 489
164 552
614 622
433 541
59 267
75 775
230 466
370 597
245 339
72 471
300 741
75 238
163 782
346 662
94 772
159 827
27 87
284 722
11 659
667 748
60 460
492 555
379 484
396 549
28 358
68 611
529 551
52 659
468 779
165 448
294 710
2 383
8 651
84 138
364 452
96 476
135 731
160 418
442 557
726 831
354 597
482 514
343 366
466 530
31 77
314 511
16 429
1 712
250 313
261 625
169 582
354 710
42 115
190 700
11 116
189 419
206 425
507 531
446 830
500 666
658 692
223 822
478 535
138 594
158 688
31 769
78 89
194 582
571 827
174 829
48 774
48 748
413 506
564 693
9 729
333 834
150 827
547 813
294 620
228 509
3 277
31 491
381 717
378 768
379 419
229 521
329 476
292 722
229 508
458 693
634 759
72 158
190 309
132 409
121 473
166 497
635 747
397 763
22 534
32 640
324 670
129 711
461 678
509 555
66 477
106 586
179 404
513 532
84 533
112 351
233 299
72 268
6 710
420 438
12 805
110 251
224 632
105 445
294 653
172 400
590 613
299 556
116 169
6 404
35 298
236 810
381 644
272 761
19 287
99 736
648 759
255 832
430 753
621 809
504 709
455 832
57 86
14 729
2 523
166 435
35 606
328 468
642 793
276 488
267 591
24 54
128 270
391 806
415 763
338 776
394 544
398 669
711 785
644 707
319 491
196 333
285 835
122 297
80 504
251 726
45 153
550 721
93 706
499 562
346 440
148 525
7 719
170 286
187 761
97 799
594 650
428 509
409 698
339 807
221 573
458 644
423 688
51 295
121 221
431 756
33 475
413 822
464 766
361 580
65 410
473 499
309 521
83 158
475 814
117 168
64 477
556 577
302 685
58 598
244 335
713 716
591 616
103 664
268 386
265 477
435 687
158 773
460 826
385 690
749 776
189 529
19 759
525 780
378 523
749 831
510 533
61 387
276 296
199 827
167 340
109 590
6 578
242 327
212 304
56 733
55 686
375 528
710 834
622 791
31 657
385 482
468 550
577 707
33 402
68 398
144 230
361 622
696 738
362 717
377 440
246 764
188 415
522 800
125 421
38 548
394 495
108 570
669 747
542 750
298 410
724 766
48 58
19 363
73 685
334 604
81 784
497 664
145 235
309 334
558 689
270 603
199 549
232 388
150 747
226 504
184 657
473 671
498 554
60 571
183 272
425 493
198 575
397 606
54 546
217 572
533 662
168 255
97 471
474 694
93 353
733 830
211 221
119 227
539 802
341 437
703 751
198 488
38 94
45 473
26 385
25 37
732 829
132 373
163 774
106 645
8 517
284 400
193 478
762 803
451 624
194 571
484 565
151 214
296 456
467 825
159 225
317 702
540 556
575 714
131 348
277 455
195 638
188 740
176 584
108 693
55 675
136 762
119 773
421 768
146 572
517 527
12 696
146 398
72 362
122 476
135 367
115 595
482 512
79 535
305 705
190 415
481 632
100 414
83 476
538 554
675 835
95 451
676 781
233 318
300 541
215 430
222 425
185 679
57 456
414 489
411 516
222 464
699 835
47 827
182 744
118 149
613 802
124 210
203 576
341 508
327 447
431 595
644 783
208 284
591 746
196 659
726 729
562 647
68 318
599 820
224 425
205 613
84 259
63 538
215 794
2 112
521 571
243 290
5 281
28 205
140 341
514 603
123 417
159 228
246 372
98 152
373 409
203 290
252 699
262 674
442 537
177 590
596 797
75 197
533 696
494 826
63 239
10 324
107 277
278 303
77 812
663 677
408 420
4 574
422 691
195 532
562 730
66 142
348 484
643 744
458 794
378 625
200 290
61 112
652 664
25 320
142 685
423 469
558 693
70 287
64 203
427 646
153 641
327 688
208 704
280 461
136 250
421 459
388 634
247 326
76 595
99 731
85 233
576 754
779 823
269 429
520 748
292 395
176 826
234 564
277 792
534 740
363 698
536 827
402 623
461 642
421 448
148 483
145 218
79 184
28 71
247 659
357 690
48 779
328 564
361 677
148 261
72 184
196 803
137 559
498 593
324 575
147 607
400 424
229 242
458 757
100 411
549 813
444 582
8 24
111 360
257 321
170 417
168 400
578 776
63 111
334 337
30 498
352 794
138 808
290 680
452 560
195 248
374 713
568 743
27 371
240 335
51 528
135 504
769 782
68 770
175 357
701 718
151 617
86 263
201 790
0 177
656 790
467 664
481 621
82 353
412 742
663 746
221 612
592 719
398 792
123 796
526 671
150 448
393 407
663 706
331 704
317 346
378 542
384 764
287 753
136 485
582 684
240 421
254 569
636 700
507 755
377 818
327 413
81 395
418 422
81 634
414 608
550 639
118 241
1 751
20 693
475 554
461 591
586 639
26 502
45 669
195 221
142 672
260 765
453 639
150 688
273 346
269 420
100 140
22 781
431 582
87 702
279 424
412 694
274 666
472 475
388 552
52 197
174 766
275 579
15 635
517 599
117 219
216 278
449 665
478 563
332 714
188 709
24 355
521 560
124 177
349 665
124 412
359 626
339 387
111 725
470 551
340 402
307 515
220 777
310 709
497 654
130 748
427 595
152 463
334 470
614 768
134 808
244 672
235 720
195 827
65 195
206 607
77 264
389 652
2 748
158 810
62 164
789 815
481 686
540 738
487 739
58 428
476 630
282 574
66 659
