440
16 236
222 260
48 140
168 313
333 430
417 433
93 192
28 169
352 382
142 422
54 199
201 232
187 266
395 421
172 280
50 420
221 222
277 311
366 403
33 349
202 295
39 74
88 274
167 299
35 394
238 283
29 416
233 403
64 95
41 124
70 423
36 261
209 364
27 408
171 206
285 347
113 351
44 381
187 422
285 295
89 403
100 167
1 432
347 372
111 324
175 181
136 341
111 371
151 203
13 260
82 229
226 322
144 303
38 264
268 297
1 35
233 296
344 380
20 192
93 408
169 352
192 409
249 334
36 246
208 401
26 91
324 344
179 365
258 306
126 177
27 181
35 314
294 387
277 354
9 412
352 401
164 323
245 338
129 173
182 260
154 346
245 435
86 208
61 436
278 330
145 370
256 293
197 423
107 286
173 309
184 294
61 75
111 171
88 375
32 222
147 200
174 183
243 267
210 280
427 438
22 421
7 300
171 214
206 387
391 394
315 356
6 259
171 218
143 365
18 245
50 346
120 145
113 278
353 422
268 328
174 201
228 383
365 408
293 408
52 135
160 320
222 248
115 402
57 329
104 417
96 313
82 267
26 231
228 361
184 331
209 215
58 393
187 272
39 133
55 311
380 396
377 401
90 379
217 367
245 412
121 343
122 219
216 294
209 431
226 250
135 295
59 243
167 302
208 235
155 297
83 278
76 229
133 195
227 320
71 124
324 430
298 333
161 322
42 405
119 336
152 333
233 429
189 285
43 143
296 349
159 425
79 109
16 287
225 227
36 396
62 290
46 406
68 289
10 61
361 364
205 367
161 391
104 393
332 403
144 360
97 264
214 324
57 98
248 297
424 439
273 377
60 230
81 330
94 300
146 404
94 150
399 425
340 431
59 376
144 188
179 205
6 79
130 335
273 433
329 438
360 377
353 402
69 122
181 332
31 391
426 438
136 401
130 328
2 140
138 319
327 413
125 343
165 427
148 212
35 92
239 374
152 168
61 99
122 264
101 189
186 302
26 44
60 230
189 370
69 402
81 133
149 154
284 357
140 317
11 218
347 400
1 23
84 315
48 178
206 387
153 409
14 197
232 433
4 349
159 358
20 409
326 376
290 306
110 237
161 204
17 277
107 200
246 251
20 70
28 92
226 272
155 400
210 390
108 182
323 406
141 313
205 281
26 337
52 184
106 226
250 309
146 240
36 162
0 172
162 283
121 431
368 430
7 184
188 365
140 303
6 120
35 290
287 377
68 110
9 390
16 62
35 216
56 199
285 331
175 209
294 339
396 440
30 272
233 270
387 433
79 413
124 143
134 438
31 306
193 337
2 8
291 363
299 436
87 295
286 407
100 198
13 362
21 288
222 329
136 277
11 426
158 168
116 303
118 223
48 56
155 285
100 328
232 364
29 293
54 141
188 354
394 413
281 425
264 304
63 260
79 360
259 368
27 165
252 398
36 295
2 431
214 282
27 210
296 432
64 420
312 430
31 296
139 347
178 209
256 335
70 230
138 440
60 231
182 186
256 340
162 401
218 381
53 151
181 240
48 214
114 166
9 357
55 315
46 317
47 301
44 141
43 227
300 393
106 183
298 369
138 199
145 433
160 415
151 208
187 345
19 53
46 196
238 336
15 46
367 383
99 171
114 167
313 436
2 368
273 357
294 355
78 244
74 210
6 128
288 433
32 351
337 429
8 254
22 24
200 224
289 422
17 78
8 84
74 160
17 394
291 436
203 347
317 425
291 297
121 331
228 272
54 172
68 370
54 265
219 385
263 394
187 436
343 389
380 439
122 285
71 176
122 366
33 244
38 367
292 421
92 190
385 388
18 279
25 436
188 341
148 303
26 58
344 412
29 407
73 406
42 300
186 352
76 435
3 438
146 203
229 354
114 247
220 221
65 94
42 313
222 253
23 215
57 200
24 271
140 386
35 116
115 320
379 410
61 409
270 303
81 249
56 277
254 372
322 404
216 280
95 175
237 273
383 434
132 427
369 398
